0 
0 
0 
0 
0 
0 
35652128 
35652128 
35652128 
35652128 
40370720 
36176424 
36176424 
35652128 
35652128 
35652128 
35652128 
35652128 
35652128 
35652128 
35652128 
35652128 
34603592 
34603536 
34603536 
34603536 
34603536 
34603536 
34603536 
34603536 
42205828 
42205828 
42205828 
42205828 
42205828 
34603536 
0 
0 
0 
0 
0 
0 
33554976 
34603778 
50463490 
50463490 
50397768 
50397954 
50397712 
34603536 
34603777 
34603777 
36700688 
50397712 
34603536 
50463489 
51512066 
34603536 
33555202 
34603778 
50397954 
50463490 
50397953 
50397953 
50397953 
50397953 
50397953 
50397953 
50397953 
50397953 
50397953 
50397953 
0 
0 
0 
0 
0 
0 
50397953 
50397953 
50397953 
50397953 
50397953 
50397953 
50397953 
34603777 
34603536 
34603536 
58851856 
58852226 
58852226 
50463618 
50463490 
50463490 
50463490 
50463490 
50463490 
50463490 
50463490 
50463490 
50463490 
34603778 
34603536 
35652112 
50397953 
50463248 
34603536 
34603536 

